,ID,Sales,Units,Price,Region,Score,Revenue,Quantity
0,1,5432,245,523.45,North,87,45230,234
1,2,8901,412,789.12,South,92,78901,401
2,3,3456,178,234.56,East,75,34567,165
3,4,7234,389,567.89,West,88,72340,378
4,5,2345,123,145.67,North,82,23450,112
5,6,9123,467,890.34,South,95,91234,456
6,7,4567,234,456.78,East,79,45670,223
7,8,6789,345,678.9,West,84,67890,334
8,9,1234,89,123.45,North,71,12340,78
9,10,5678,267,345.67,South,86,56780,256
10,11,8765,423,765.43,East,91,87650,412
11,12,3210,156,210.98,West,77,32100,145
12,13,7654,378,654.32,North,89,76540,367
13,14,2109,134,109.87,South,81,21090,123
14,15,6543,312,543.21,East,94,65430,301
15,16,4321,198,321.09,West,80,43210,187
16,17,9876,456,876.54,North,96,98760,445
17,18,5432,267,432.1,South,83,54320,256
18,19,3210,145,210.54,East,76,32100,134
19,20,8901,389,890.12,West,90,89010,378
20,21,2345,178,345.67,North,85,23450,167
21,22,7890,334,789.01,South,88,78900,323
22,23,4567,223,567.34,East,79,45670,212
23,24,6234,298,234.56,West,87,62340,287
24,25,1111,111,111.11,North,72,11110,100
25,26,2222,222,222.22,South,82,22220,211
26,27,3333,333,333.33,East,77,33330,322
27,28,4444,444,444.44,West,89,44440,433
28,29,5555,555,555.55,North,84,55550,544
29,30,6666,666,666.66,South,91,66660,655
30,31,7777,777,777.77,East,86,77770,766
31,32,8888,888,888.88,West,93,88880,877
32,33,9999,999,999.99,North,94,99990,988
33,34,1010,101,101.01,South,73,10100,99
34,35,2020,202,202.02,East,83,20200,191
35,36,3030,303,303.03,West,88,30300,292
36,37,4040,404,404.04,North,81,40400,393
37,38,5050,505,505.05,South,89,50500,494
38,39,6060,606,606.06,East,92,60600,595
39,40,7070,707,707.07,West,85,70700,696
40,41,8080,808,808.08,North,90,80800,797
41,42,9090,909,909.09,South,87,90900,898
42,43,1234,234,234.56,East,78,12340,223
43,44,5678,456,456.78,West,84,56780,445
44,45,9012,678,678.9,North,88,90120,667
45,46,3456,123,123.45,South,81,34560,112
46,47,7890,345,345.67,East,91,78900,334
47,48,2345,567,567.89,West,86,23450,556
48,49,6789,789,789.01,North,93,67890,778
49,50,4123,234,234.56,South,79,41230,223
50,51,8765,456,456.78,East,89,87650,445
51,52,2109,678,678.9,West,82,21090,667
52,53,5432,123,123.45,North,87,54320,112
53,54,9876,345,345.67,South,92,98760,334
54,55,3210,567,567.89,East,76,32100,556
55,56,7654,789,789.01,West,88,76540,778
56,57,1234,234,234.56,North,85,12340,223
57,58,5678,456,456.78,South,90,56780,445
58,59,9012,678,678.9,East,94,90120,667
59,60,3456,123,123.45,West,81,34560,112
60,61,7890,345,345.67,North,89,78900,334
61,62,2345,567,567.89,South,83,23450,556
62,63,6789,789,789.01,East,91,67890,778
63,64,4123,234,234.56,West,87,41230,223
64,65,8765,456,456.78,North,95,87650,445
65,66,2109,678,678.9,South,79,21090,667
66,67,5432,123,123.45,East,88,54320,112
67,68,9876,345,345.67,West,84,98760,334
68,69,3210,567,567.89,North,92,32100,556
69,70,7654,789,789.01,South,80,76540,778
70,71,1234,234,234.56,East,86,12340,223
71,72,5678,456,456.78,West,89,56780,445
72,73,9012,678,678.9,North,93,90120,667
73,74,3456,123,123.45,South,77,34560,112
74,75,7890,345,345.67,East,90,78900,334
75,76,2345,567,567.89,West,85,23450,556
76,77,6789,789,789.01,North,91,67890,778
77,78,4123,234,234.56,South,82,41230,223
78,79,8765,456,456.78,East,94,87650,445
79,80,2109,678,678.9,West,88,21090,667
80,81,5432,123,123.45,North,83,54320,112
81,82,9876,345,345.67,South,89,98760,334
82,83,3210,567,567.89,East,75,32100,556
83,84,7654,789,789.01,West,87,76540,778
84,85,1234,234,234.56,North,92,12340,223
85,86,5678,456,456.78,South,81,56780,445
86,87,9012,678,678.9,East,90,90120,667
87,88,3456,123,123.45,West,84,34560,112
88,89,7890,345,345.67,North,88,78900,334
89,90,2345,567,567.89,South,86,23450,556
90,91,6789,789,789.01,East,93,67890,778
91,92,4123,234,234.56,West,79,41230,223
92,93,8765,456,456.78,North,91,87650,445
93,94,2109,678,678.9,South,85,21090,667
94,95,5432,123,123.45,East,89,54320,112
95,96,9876,345,345.67,West,82,98760,334
96,97,3210,567,567.89,North,94,32100,556
97,98,7654,789,789.01,South,87,76540,778
98,99,1234,234,234.56,East,80,12340,223
99,100,5678,456,456.78,West,88,56780,445
